Metodo de Euler
y(0.0) = 0.0
h = 0.1
0 0.0
1 0.100000000000000
2 0.230000000000000
3 0.402000000000000
4 0.632800000000000
5 0.945920000000000
6 1.37428800000000
7 1.96400320000000
8 2.77960448000000
9 3.91144627200000
10 5.48602478080000
11 7.68043469312000
12 10.7426085703680
13 15.0196519985152
14 20.9975127979213
15 29.3565179170898
16 41.0491250839257
17 57.4087751174960
18 80.3022851644944
19 112.343199230292
20 157.190478922409

Metodo de Euler Inverso
y(0.0) = 0.0
h = 0.1
0 0.0
1 0.130000000000000
2 0.318800000000000
3 0.599328000000000
4 1.02295168000000
5 1.66980462080000
6 2.66489520844800
7 4.20323652517888
8 6.58904897927905
9 10.2969164076753
10 16.0671895959735
11 25.0548157697187
12 39.0615126007611
13 60.8979596571874
14 94.9488170652123
15 148.054154621731
16 230.884481209901
17 360.085790687445
18 561.625833472414
19 876.014300216966
20 1366.44630833847

Metodo de Euler Aprimorado
y(0.0) = 0.0
h = 0.1
0 0.0
1 0.115000000000000
2 0.273200000000000
3 0.495336000000000
4 0.812097280000000
5 1.26890397440000
6 1.93297788211200
7 2.90380726552576
8 4.32863475297813
9 6.42537943440763
10 9.51656156292329
11 14.0795111131265
12 20.8206764474272
13 30.7856011421922
14 45.5216896904445
15 67.3191007418578
16 99.5672690979496
17 147.282558264965
18 217.889186232149
19 322.374995623580
20 477.001993522899

Metodo de Runge-Kuuta
y(0.0) = 0.0
h = 0.1
0 0.0
1 0.1172
2 0.279737813333
3 0.509907554076
4 0.840966095334
5 1.32252382328
6 2.02858620465
7 3.06954966101
8 4.61009621432
9 6.89588752611
10 10.2933852856
11 15.3492526101
12 22.8789650935
13 34.0989948622
14 50.8239939357
15 75.7609392204
16 112.9479184
17 168.408681474
18 251.129057111
19 374.513505461
20 558.557906546

Metodo Adan-Bashforth
y(0.0) = 0.0
h = 0.1
0 0.0
1 0.1
2 0.23
3 0.402
4 0.6328
5 1.00006933333
6 1.56143411259
7 2.37147895558
8 3.55628975681
9 5.32211215281
10 7.9480714351
11 11.84287947
12 17.634844565
13 26.2632360032
14 39.116198589
15 58.2631806514
16 86.7972738113
17 129.329225597
18 192.728523446
19 287.238075251
20 428.132098964

Metodo Adan-Bashforth por Euler
y(0.0) = 0.0
h = 0.1
0 0.0
1 0.1
2 0.23
3 0.402
4 0.6328
5 1.00006933333
6 1.56143411259
7 2.37147895558
8 3.55628975681
9 5.32211215281
10 7.9480714351
11 11.84287947
12 17.634844565
13 26.2632360032
14 39.116198589
15 58.2631806514
16 86.7972738113
17 129.329225597
18 192.728523446
19 287.238075251
20 428.132098964

Metodo Adan-Bashforth por Euler Inverso
y(0.0) = 0.0
h = 0.1
0 0.0
1 0.13
2 0.3188
3 0.599328
4 1.02295168
5 1.60598283093
6 2.43410852498
7 3.67175322268
8 5.51687977902
9 8.24327514937
10 12.2893837117
11 18.3180383271
12 27.2971235796
13 40.6662489572
14 60.5849678101
15 90.2736227917
16 134.525098166
17 200.48578407
18 298.815578473
19 445.406544003
20 663.949288919

Metodo Adan-Bashforth por Euler Aprimorado
y(0.0) = 0.0
h = 0.1
0 0.0
1 0.115000000000000
2 0.273200000000000
3 0.495336000000000
4 0.812097280000000
5 1.27705064960000
6 1.96178543080533
7 2.96832833216674
8 4.45515126273818
9 6.66126478146656
10 9.93895741362436
11 14.8123146862835
12 22.0654250886129
13 32.8677119681145
14 48.9609298514933
15 72.9418387850738
16 108.683111037482
17 161.958490167387
18 241.375468570262
19 359.767259282668
20 536.267558412462

Metodo Adan-Bashforth por Runge-Kuuta
y(0.0) = 0.0
h = 0.1
0 0.0
1 0.1172
2 0.279737813333
3 0.509907554076
4 0.840966095334
5 1.32189626861
6 2.02635973831
7 3.06454245278
8 4.60023685165
9 6.87743307949
10 10.2602108411
11 15.2914720966
12 22.7804314993
13 33.9335303611
14 50.5496094351
15 75.3105986501
16 112.214952345
17 167.224048268
18 249.225869225
19 371.471664849
20 553.717939788

Metodo Adan-Multon
y(0.0) = 0.0
h = 0.1
0 0.0
1 0.1
2 0.23
3 0.402
4 0.6328
5 1.00032266667
6 1.53646839407
7 2.31499839196
8 3.45518172053
9 5.12989810586
10 7.59497886398
11 11.2292634776
12 16.5929983297
13 24.5148587734
14 36.220609548
15 53.523355358
16 79.1049737806
17 116.932402048
18 172.873390666
19 255.607304494
20 377.972347041

Metodo Adan-Multon por Euler
y(0.0) = 0.0
h = 0.1
0 0.0
1 0.1
2 0.23
3 0.402
4 0.6328
5 1.00032266667
6 1.53646839407
7 2.31499839196
8 3.45518172053
9 5.12989810586
10 7.59497886398
11 11.2292634776
12 16.5929983297
13 24.5148587734
14 36.220609548
15 53.523355358
16 79.1049737806
17 116.932402048
18 172.873390666
19 255.607304494
20 377.972347041

Metodo Adan-Multon por Euler Inverso
y(0.0) = 0.0
h = 0.1
0 0.0
1 0.13
2 0.3188
3 0.599328
4 1.02295168
5 1.6073453184
6 2.46738501441
7 3.74862549023
8 5.65895840138
9 8.51412429171
10 12.7880273091
11 19.191679297
12 28.7926059404
13 43.1934495897
14 64.8001554848
15 97.2246462073
16 145.889314573
17 218.934515919
18 328.580941806
19 493.174880184
20 740.258657789

Metodo Adan-Multon por Euler Aprimorado
y(0.0) = 0.0
h = 0.1
0 0.0
1 0.115000000000000
2 0.273200000000000
3 0.495336000000000
4 0.812097280000000
5 1.27768102400000
6 1.95993805280000
7 2.96399854065333
8 4.44809154664922
9 6.64747129936564
10 9.91273163673543
11 14.7663949686049
12 21.9871104481425
13 32.7352242413293
14 48.7398964699984
15 72.5779354136494
16 108.089321716138
17 160.996426183408
18 239.826772815565
19 357.288147940037
20 532.317799169242

Metodo Adan-Multon por Runge-Kuuta
y(0.0) = 0.0
h = 0.1
0 0.0
1 0.1172
2 0.279737813333
3 0.509907554076
4 0.840966095334
5 1.32117014559
6 2.02441227487
7 3.06019392525
8 4.59145543776
9 6.86109451998
10 10.2310769174
11 15.2407970591
12 22.6940677146
13 33.7887377696
14 50.3098510587
15 74.9174946251
16 111.575752074
17 166.191933356
18 247.569160297
19 368.825917386
20 549.511478008

Metodo Formula Inversa de Diferenciacao
y(0.0) = 0.0
h = 0.1
0 0.0
1 0.1
2 0.23
3 0.402
4 0.6328
5 0.974029781022
6 1.48209003612
7 2.22004599813
8 3.28518460105
9 4.83184786219
10 7.08853920292
11 10.3861377388
12 15.2075552419
13 22.2617560086
14 32.5890840422
15 47.7141957833
16 69.8711584824
17 102.334273762
18 149.902811007
19 219.611033902
20 321.768801629

Metodo Formula Inversa de Diferenciacao por Euler
y(0.0) = 0.0
h = 0.1
0 0.0
1 0.1
2 0.23
3 0.402
4 0.6328
5 0.974029781022
6 1.48209003612
7 2.22004599813
8 3.28518460105
9 4.83184786219
10 7.08853920292
11 10.3861377388
12 15.2075552419
13 22.2617560086
14 32.5890840422
15 47.7141957833
16 69.8711584824
17 102.334273762
18 149.902811007
19 219.611033902
20 321.768801629

Metodo Formula Inversa de Diferenciacao por Euler Inverso
y(0.0) = 0.0
h = 0.1
0 0.0
1 0.13
2 0.3188
3 0.599328
4 1.02295168
5 1.63629499926
6 2.53008379965
7 3.8630168874
8 5.87013750688
9 8.89427875363
10 13.4512613362
11 20.3250528439
12 30.7027961397
13 46.3777130439
14 70.0591676003
15 105.842795639
16 159.920118341
17 241.650282021
18 365.180275745
19 551.894479179
20 834.117426329

Metodo Formula Inversa de Diferenciacao por Euler Aprimorado
y(0.0) = 0.0
h = 0.1
0 0.0
1 0.115000000000000
2 0.273200000000000
3 0.495336000000000
4 0.812097280000000
5 1.27370130938394
6 1.95182685638321
7 2.94997233604754
8 4.42297561425179
9 6.60324100519960
10 9.83712851447013
11 14.6396363323980
12 21.7771454445894
13 32.3907976257249
14 48.1796664668842
15 71.6732285504613
16 106.637160262592
17 158.677610678459
18 236.140789435356
19 351.452163333206
20 523.110181529588

Metodo Formula Inversa de Diferenciacao por Runge-Kutta
y(0.0) = 0.0
h = 0.1
0 0.0
1 0.1172
2 0.279737813333
3 0.509907554076
4 0.840966095334
5 1.32083387409
6 2.02192647919
7 3.05317968134
8 4.57651176089
9 6.83231875939
10 10.1783614504
11 15.1474832105
12 22.5330704939
13 33.5162144031
14 49.8552004874
15 74.1676915476
16 110.350774554
17 164.206257499
18 244.371591208
19 363.705806446
20 541.352835936

